49.633003	1.000000	48.692271	2.160404e-04	100.041707	138.126833	1.404438e-17	3.794315e-08	1.552338e-29
48.640202	1.000000	46.874594	2.147167e-04	99.019670	135.418470	3.598156e-17	9.887793e-08	4.032397e-29
47.666866	1.000000	45.121340	2.134178e-04	98.038741	132.763211	8.859644e-17	2.476285e-07	1.006358e-28
46.712616	1.000000	43.430437	2.121431e-04	97.094392	130.160016	2.095341e-16	5.956358e-07	2.411695e-28
45.777077	1.000000	41.799868	2.108917e-04	96.182087	127.607865	4.772520e-16	1.379722e-06	5.564301e-28
44.859879	1.000000	40.227663	2.096631e-04	95.297280	125.105749	1.049592e-15	3.085734e-06	1.239192e-27
43.960667	1.000000	38.711917	2.084566e-04	94.435538	122.652699	2.226149e-15	6.655209e-06	2.660490e-27
43.079086	1.000000	37.250767	2.072717e-04	93.593013	120.247747	4.575276e-15	1.390815e-05	5.532978e-27
42.214790	1.000000	35.842403	2.061079e-04	92.765845	117.889948	9.187663e-15	2.839708e-05	1.112697e-26
41.367443	1.000000	34.485071	2.049645e-04	91.949781	115.578385	1.774109e-14	5.574977e-05	2.173113e-26
40.536709	1.000000	33.177061	2.038413e-04	91.139769	113.312142	3.323401e-14	1.061729e-04	4.115574e-26
39.722263	1.000000	31.916719	2.027377e-04	90.329538	111.090334	6.049718e-14	1.964752e-04	7.570254e-26
38.923790	1.000000	30.702447	2.016537e-04	89.510811	108.912099	1.072001e-13	3.539021e-04	1.355004e-25
38.140972	1.000000	29.532690	2.005891e-04	88.672292	106.776572	1.848790e-13	6.203882e-04	2.363650e-25
37.373505	1.000000	28.405958	1.995444e-04	87.797447	104.682921	3.112804e-13	1.061668e-03	4.019245e-25
36.621082	1.000000	27.320815	1.985203e-04	86.863270	102.630313	5.109377e-13	1.771079e-03	6.661141e-25
35.883415	1.000000	26.275906	1.975183e-04	85.837930	100.617957	8.184297e-13	2.883078e-03	1.076873e-24
35.160213	1.000000	25.269945	1.965410e-04	84.677793	98.645062	1.281667e-12	4.588046e-03	1.702025e-24
34.451191	1.000000	24.301738	1.955921e-04	83.318231	96.710849	1.975736e-12	7.186674e-03	2.633418e-24
33.756069	1.000000	23.370200	1.946776e-04	81.698836	94.814557	2.965401e-12	1.095988e-02	3.989412e-24
33.074577	1.000000	22.474377	1.938059e-04	79.736589	92.955447	4.354668e-12	1.635214e-02	5.912798e-24
32.406448	1.000000	21.613477	1.929889e-04	77.206598	91.132791	6.470499e-12	2.468510e-02	8.605643e-24
31.751419	1.000000	20.786886	1.922427e-04	74.262993	89.345871	9.132851e-12	3.539598e-02	1.226690e-23
31.109234	1.000000	19.994225	1.915893e-04	70.753120	87.593990	1.267114e-11	4.988804e-02	1.719163e-23
30.479641	1.000000	19.235384	1.910572e-04	66.684451	85.876461	1.728047e-11	6.911256e-02	2.368515e-23
29.862394	1.000000	18.510572	1.906837e-04	62.003452	84.192612	2.347527e-11	9.537144e-02	3.209636e-23
29.257250	1.000000	17.820370	1.905159e-04	56.420538	82.541778	3.248766e-11	1.340776e-01	4.281530e-23
28.663971	1.000000	17.165817	1.906132e-04	51.054280	80.923313	4.295495e-11	1.800919e-01	5.610663e-23
28.082325	1.000000	16.548473	1.910495e-04	45.901639	79.336583	5.542616e-11	2.360900e-01	7.267902e-23
27.512083	1.000000	15.970532	1.919162e-04	41.014168	77.780963	7.062788e-11	3.056923e-01	9.295045e-23
26.953024	1.000000	15.434854	1.933215e-04	36.563218	76.255849	8.880618e-11	3.906540e-01	1.172695e-22
26.404926	1.000000	14.945145	1.953984e-04	32.619815	74.760639	1.103693e-10	4.935972e-01	1.462030e-22
25.867575	1.000000	14.506085	1.983033e-04	29.220656	73.294744	1.355896e-10	6.167503e-01	1.801476e-22
25.340759	1.000000	14.123228	2.022176e-04	26.414906	71.857591	1.637206e-10	7.578573e-01	2.182894e-22
24.824274	1.000000	13.803843	2.073645e-04	24.032121	70.448620	1.968629e-10	9.280133e-01	2.631896e-22
24.317917	0.999999	13.556126	2.139873e-04	22.097679	69.067277	2.342912e-10	1.125727e+00	3.140791e-22
23.821487	0.999999	13.390214	2.223741e-04	20.559899	67.713018	2.762293e-10	1.354230e+00	3.712753e-22
23.334791	0.999999	13.317730	2.328483e-04	19.356437	66.385310	3.240544e-10	1.623044e+00	4.348639e-22
22.857639	0.999998	13.352190	2.457784e-04	18.496651	65.083640	3.752844e-10	1.922947e+00	5.049567e-22
22.389843	0.999997	13.509321	2.615645e-04	17.935141	63.807492	4.305761e-10	2.260586e+00	5.808145e-22
21.931219	0.999996	13.807549	2.806768e-04	17.646675	62.556366	4.907063e-10	2.644035e+00	6.636619e-22
21.481588	0.999994	14.268059	3.036248e-04	17.629444	61.329773	5.550533e-10	3.074537e+00	7.526505e-22
21.040773	0.999991	14.914663	3.309446e-04	17.885958	60.127230	6.228936e-10	3.552753e+00	9.308080e-22
20.608603	0.999987	15.760325	3.628859e-04	18.414495	58.948268	6.919349e-10	4.069165e+00	1.044515e-21
20.184904	0.999982	16.846126	4.003218e-04	19.236181	57.792418	7.619185e-10	4.626161e+00	1.160054e-21
19.769514	0.999974	18.207977	4.439600e-04	20.360516	56.659234	8.361922e-10	5.247547e+00	1.284216e-21
19.362268	0.999965	19.884592	4.945204e-04	21.825827	55.548268	9.095617e-10	5.904334e+00	1.410621e-21
18.963009	0.999953	21.921521	5.528270e-04	23.646310	54.459088	9.910632e-10	6.658193e+00	1.546666e-21
18.571577	0.999937	24.364920	6.196359e-04	25.877016	53.391262	1.068383e-09	7.429641e+00	1.682475e-21
18.187820	0.999917	27.267247	6.957854e-04	28.548049	52.344374	1.144710e-09	8.239132e+00	1.819514e-21
17.811588	0.999892	30.685358	7.821718e-04	31.676711	51.318013	1.252465e-09	9.328071e+00	1.955572e-21
17.442734	0.999860	34.679873	8.796384e-04	35.358550	50.311778	1.327833e-09	1.022637e+01	2.088347e-21
17.081112	0.999821	39.320980	9.891241e-04	39.612397	49.325273	1.405779e-09	1.118811e+01	2.226162e-21
16.726582	0.999772	44.677796	1.111513e-03	44.484387	48.358115	1.478197e-09	1.214730e+01	2.360991e-21
16.379002	0.999713	50.826323	1.247754e-03	50.019774	47.409916	1.546959e-09	1.311493e+01	2.491643e-21
16.038237	0.999641	57.845085	1.398648e-03	56.506642	46.480309	2.012076e-09	1.757691e+01	2.616758e-21
15.704153	0.999556	65.820680	1.565124e-03	63.684436	45.568930	2.111193e-09	1.899440e+01	2.734281e-21
15.376621	0.999453	74.842456	1.748050e-03	71.691288	44.675423	2.191072e-09	2.028550e+01	2.845255e-21
15.055511	0.999333	85.006903	1.948197e-03	80.580292	43.799435	2.264120e-09	2.155321e+01	2.948037e-21
14.740698	0.999191	96.425014	2.166359e-03	90.399226	42.940624	2.329285e-09	2.278223e+01	3.041183e-21
14.432057	0.999026	109.204474	2.403163e-03	101.182744	42.098653	2.386378e-09	2.396492e+01	3.124358e-21
14.129468	0.998835	123.460182	2.659221e-03	112.957538	41.273189	2.434659e-09	2.508802e+01	3.196560e-21
13.832812	0.998615	139.306277	2.935111e-03	125.714790	40.463912	2.469373e-09	2.609508e+01	3.252214e-21
13.541973	0.998364	156.869001	3.231310e-03	139.499233	39.670503	2.500417e-09	2.708340e+01	3.302456e-21
13.256837	0.998079	176.261161	3.548168e-03	154.267627	38.892651	2.522307e-09	2.799006e+01	3.340963e-21
12.977291	0.997756	197.596720	3.885945e-03	169.976508	38.130050	2.535102e-09	2.880924e+01	3.367665e-21
12.703227	0.997393	220.978255	4.245044e-03	186.629252	37.382403	2.545486e-09	2.961231e+01	3.382707e-21
12.434537	0.996988	246.511770	4.625504e-03	203.999225	36.649417	2.540681e-09	3.024580e+01	3.386357e-21
12.171115	0.996536	274.281666	5.027459e-03	222.019374	35.930802	2.527398e-09	3.077985e+01	3.378710e-21
11.912858	0.996037	304.346652	5.450809e-03	240.523886	35.226277	2.506033e-09	3.121296e+01	3.360191e-21
11.659665	0.995486	336.796665	5.895765e-03	259.348549	34.535566	2.477161e-09	3.154621e+01	3.331458e-21
11.411437	0.994881	371.662301	6.362155e-03	278.270474	33.858400	2.441095e-09	3.177771e+01	4.080436e-21
11.168076	0.994221	408.573929	6.845423e-03	296.687235	33.194510	2.393559e-09	3.184411e+01	4.033026e-21
10.929486	0.993502	447.835031	7.348273e-03	314.770166	32.543639	2.343385e-09	3.185631e+01	3.976085e-21
10.695575	0.992723	488.363214	7.860776e-03	332.001426	31.905528	2.293072e-09	3.184590e+01	3.905683e-21
10.466250	0.991881	530.121168	8.382514e-03	347.827625	31.279931	2.235335e-09	3.170946e+01	3.827215e-21
10.241423	0.990976	573.058902	8.913051e-03	362.175716	30.666601	2.172320e-09	3.147156e+01	3.744229e-21
10.021003	0.990005	617.084455	9.451614e-03	-nan	30.065296	2.101729e-09	-nan	3.647636e-21
