49.633003	1.000000	48.692271	2.160404e-04	100.041708	138.126833	8.930444e-18	2.412481e-08	9.838794e-30
48.640202	1.000000	46.874594	2.147167e-04	99.019673	135.418470	2.314817e-17	6.360638e-08	2.586299e-29
47.666866	1.000000	45.121340	2.134178e-04	98.038749	132.763211	5.765861e-17	1.611444e-07	6.529278e-29
46.712616	1.000000	43.430437	2.121431e-04	97.094412	130.160016	1.379024e-16	3.919826e-07	1.582446e-28
45.777077	1.000000	41.799868	2.108917e-04	96.182134	127.607865	3.174165e-16	9.175823e-07	3.690006e-28
44.859879	1.000000	40.227662	2.096631e-04	95.297389	125.105749	7.047715e-16	2.071860e-06	8.297933e-28
43.960667	1.000000	38.711917	2.084566e-04	94.435781	122.652699	1.507677e-15	4.507053e-06	1.797298e-27
43.079086	1.000000	37.250766	2.072717e-04	93.593542	120.247747	3.120550e-15	9.485568e-06	3.765405e-27
42.214790	1.000000	35.842401	2.061078e-04	92.766968	117.889948	6.301299e-15	1.947519e-05	7.617109e-27
41.367443	1.000000	34.485067	2.049644e-04	91.952080	115.578385	1.220892e-14	3.836420e-05	1.493415e-26
40.536709	1.000000	33.177052	2.038410e-04	91.144352	113.312142	2.289890e-14	7.315340e-05	2.833471e-26
39.722263	1.000000	31.916702	2.027372e-04	90.338474	111.090334	4.157520e-14	1.350201e-04	5.200474e-26
38.923790	1.000000	30.702414	2.016528e-04	89.527795	108.912099	7.336661e-14	2.422033e-04	9.276286e-26
38.140972	1.000000	29.532627	2.005874e-04	88.703816	106.776572	1.256642e-13	4.216804e-04	1.608196e-25
37.373505	1.000000	28.405843	1.995413e-04	87.854744	104.682921	2.095169e-13	7.145844e-04	2.710077e-25
36.621082	1.000000	27.320607	1.985146e-04	86.964907	102.630313	3.396845e-13	1.177456e-03	4.439805e-25
35.883415	1.000000	26.275536	1.975082e-04	86.015029	100.617957	5.341558e-13	1.881659e-03	7.046271e-25
35.160213	1.000000	25.269304	1.965233e-04	84.976528	98.645062	8.222881e-13	2.943567e-03	1.095311e-24
34.451191	1.000000	24.300645	1.955619e-04	83.811993	96.710849	1.242804e-12	4.520611e-03	1.662747e-24
33.756069	1.000000	23.368377	1.946272e-04	82.485886	94.814557	1.827789e-12	6.755229e-03	2.469534e-24
33.074577	1.000000	22.471401	1.937233e-04	80.948944	92.955447	2.628627e-12	9.870387e-03	3.586411e-24
32.406448	1.000000	21.608711	1.928561e-04	79.061134	91.132791	3.821015e-12	1.457647e-02	5.111447e-24
31.751419	1.000000	20.779407	1.920337e-04	76.925096	89.345871	5.260937e-12	2.038788e-02	7.107471e-24
31.109234	1.000000	19.982718	1.912667e-04	74.405065	87.593990	7.145673e-12	2.812963e-02	9.754962e-24
30.479641	1.000000	19.218010	1.905686e-04	71.481568	85.876461	9.544402e-12	3.816450e-02	1.316823e-23
29.862394	1.000000	18.484819	1.899572e-04	68.053598	84.192612	1.271222e-11	5.162874e-02	1.750648e-23
29.257250	1.000000	17.782871	1.894548e-04	63.740157	82.541778	1.740459e-11	7.179655e-02	2.294347e-23
28.663971	1.000000	17.112113	1.890894e-04	59.420226	80.923313	2.258267e-11	9.461643e-02	2.946877e-23
28.082325	1.000000	16.472817	1.888974e-04	54.927014	79.336583	2.877115e-11	1.224342e-01	3.766767e-23
27.512083	1.000000	15.865503	1.889222e-04	50.330482	77.780963	3.625057e-11	1.566855e-01	4.762001e-23
26.953024	1.000000	15.291059	1.892164e-04	45.794671	76.255849	4.514430e-11	1.982055e-01	5.949108e-23
26.404926	1.000000	14.750804	1.898453e-04	41.435772	74.760639	5.567163e-11	2.483110e-01	7.358297e-23
25.867575	1.000000	14.246568	1.908873e-04	37.369283	73.294744	6.798487e-11	3.081059e-01	9.011879e-23
25.340759	1.000000	13.780622	1.924336e-04	33.859363	71.857591	8.108041e-11	3.734573e-01	1.079581e-22
24.824274	1.000000	13.356457	1.946077e-04	30.537184	70.448620	9.733705e-11	4.558156e-01	1.299232e-22
24.317917	0.999999	12.977657	1.975345e-04	27.632739	69.067277	1.158493e-10	5.518069e-01	1.550755e-22
23.821487	0.999999	12.648983	2.013681e-04	25.137325	67.713018	1.367440e-10	6.628840e-01	1.835526e-22
23.334791	0.999999	12.376126	2.062877e-04	22.990863	66.385310	1.608667e-10	7.942358e-01	2.156081e-22
22.857639	0.999998	12.165878	2.125003e-04	21.235646	65.083640	1.870768e-10	9.415429e-01	2.514384e-22
22.389843	0.999997	12.026151	2.202321e-04	19.818013	63.807492	2.155961e-10	1.107274e+00	2.904914e-22
21.931219	0.999996	11.966982	2.297677e-04	18.682488	62.556366	2.473059e-10	1.297699e+00	3.341094e-22
21.481588	0.999994	11.999750	2.414181e-04	17.819819	61.329773	2.819611e-10	1.513748e+00	3.819313e-22
21.040773	0.999991	12.137492	2.555241e-04	17.219377	60.127230	3.191944e-10	1.755911e+00	4.744421e-22
20.608603	0.999987	12.382635	2.721544e-04	16.874446	58.948268	3.569908e-10	2.015070e+00	5.362056e-22
20.184904	0.999982	12.761520	2.919588e-04	16.775616	57.792418	3.954811e-10	2.294374e+00	5.984877e-22
19.769514	0.999974	13.295936	3.154539e-04	16.886111	56.659234	4.386577e-10	2.619745e+00	6.689917e-22
19.362268	0.999965	14.007583	3.431338e-04	17.255372	55.548268	4.812710e-10	2.963328e+00	7.412876e-22
18.963009	0.999953	14.924843	3.756051e-04	17.845007	54.459088	5.315803e-10	3.379207e+00	8.232906e-22
18.571577	0.999937	16.075591	4.134167e-04	18.723985	53.391262	5.802255e-10	3.812240e+00	9.064325e-22
18.187820	0.999917	17.494011	4.572364e-04	19.895575	52.344374	6.296270e-10	4.279471e+00	9.926170e-22
17.811588	0.999892	19.218150	5.077672e-04	21.327072	51.318013	6.997295e-10	4.923581e+00	1.079975e-21
17.442734	0.999860	21.288510	5.657270e-04	23.162584	50.311778	7.518825e-10	5.477828e+00	1.167351e-21
17.081112	0.999821	23.753938	6.319501e-04	25.367056	49.325273	8.082075e-10	6.096894e+00	1.262941e-21
16.726582	0.999772	26.662562	7.072110e-04	27.983741	48.358115	8.630000e-10	6.739055e+00	1.360077e-21
16.379002	0.999713	30.068684	7.923622e-04	31.045496	47.409916	9.169725e-10	7.408745e+00	1.457097e-21
16.038237	0.999641	34.033952	8.882212e-04	34.464707	46.480309	1.192167e-09	9.954242e+00	1.553845e-21
15.704153	0.999556	38.623032	9.956945e-04	38.613122	45.568930	1.269888e-09	1.095617e+01	1.647506e-21
15.376621	0.999453	43.907855	1.115739e-03	43.351765	44.675423	1.338287e-09	1.192088e+01	1.740810e-21
15.055511	0.999333	49.963030	1.249215e-03	48.721551	43.799435	1.404300e-09	1.290357e+01	1.831568e-21
14.740698	0.999191	56.872032	1.397094e-03	54.768065	42.940624	1.467012e-09	1.389305e+01	1.918531e-21
14.432057	0.999026	64.716407	1.560236e-03	61.528468	42.098653	1.526166e-09	1.488345e+01	2.001327e-21
14.129468	0.998835	73.590919	1.739543e-03	69.042721	41.273189	1.580831e-09	1.586228e+01	2.078798e-21
13.832812	0.998615	83.590236	1.935843e-03	77.321934	40.463912	1.624226e-09	1.675577e+01	2.143005e-21
13.541973	0.998364	94.831190	2.150069e-03	86.440180	39.670503	1.669803e-09	1.769712e+01	2.209222e-21
13.256837	0.998079	107.425860	2.382880e-03	96.402506	38.892651	1.710007e-09	1.860644e+01	2.268799e-21
12.977291	0.997756	121.491806	2.634921e-03	107.219097	38.130050	1.744439e-09	1.947521e+01	2.321059e-21
12.703227	0.997393	137.146926	2.906944e-03	118.929081	37.382403	1.777788e-09	2.035291e+01	2.365815e-21
12.434537	0.996988	154.519457	3.199414e-03	131.440073	36.649417	1.800377e-09	2.112549e+01	2.402839e-21
12.171115	0.996536	173.724540	3.512822e-03	144.742024	35.930802	1.816711e-09	2.183861e+01	2.431687e-21
11.912858	0.996037	194.886998	3.847531e-03	158.778078	35.226277	1.826867e-09	2.248851e+01	2.452441e-21
11.659665	0.995486	218.131535	4.204024e-03	173.471602	34.535566	1.831091e-09	2.307356e+01	2.465303e-21
11.411437	0.994881	243.556276	4.582542e-03	188.700143	33.858400	1.829088e-09	2.358529e+01	3.013868e-21
11.168076	0.994221	270.795004	4.977731e-03	203.902748	33.194510	1.815095e-09	2.394169e+01	3.016883e-21
10.929486	0.993502	300.290440	5.394068e-03	219.372484	32.543639	1.799111e-09	2.426858e+01	3.011616e-21
10.695575	0.992723	331.268211	5.823485e-03	234.663940	31.905528	1.781848e-09	2.457348e+01	2.994399e-21
10.466250	0.991881	363.720582	6.265826e-03	249.335752	31.279931	1.757443e-09	2.477284e+01	2.969853e-21
10.241423	0.990976	397.645572	6.720993e-03	263.396566	30.666601	1.729496e-09	2.491260e+01	2.942997e-21
10.021003	0.990005	432.987899	7.188349e-03	-nan	30.065296	1.692252e-09	-nan	2.900985e-21
