49.633003	1.000000	48.692271	2.160404e-04	100.041707	138.126833	1.434116e-17	3.874510e-08	1.585393e-29
48.640202	1.000000	46.874594	2.147167e-04	99.019670	135.418470	3.668705e-17	1.008176e-07	4.112714e-29
47.666866	1.000000	45.121340	2.134178e-04	98.038741	132.763211	9.021510e-17	2.521553e-07	1.025034e-28
46.712616	1.000000	43.430437	2.121431e-04	97.094391	130.160016	2.130506e-16	6.056390e-07	2.452963e-28
45.777077	1.000000	41.799868	2.108917e-04	96.182084	127.607865	4.843936e-16	1.400388e-06	5.649755e-28
44.859879	1.000000	40.227663	2.096631e-04	95.297276	125.105749	1.062938e-15	3.125019e-06	1.255549e-27
43.960667	1.000000	38.711917	2.084566e-04	94.435530	122.652699	2.248188e-15	6.721217e-06	2.688445e-27
43.079086	1.000000	37.250767	2.072718e-04	93.593002	120.247747	4.604425e-15	1.399705e-05	5.572505e-27
42.214790	1.000000	35.842403	2.061079e-04	92.765837	117.889948	9.205304e-15	2.845226e-05	1.115956e-26
41.367443	1.000000	34.485071	2.049645e-04	91.949804	115.578385	1.767825e-14	5.555371e-05	2.168160e-26
40.536709	1.000000	33.177061	2.038413e-04	91.139913	113.312142	3.289421e-14	1.050903e-04	4.079946e-26
39.722263	1.000000	31.916718	2.027377e-04	90.330070	111.090334	5.934042e-14	1.927241e-04	7.438684e-26
38.923790	1.000000	30.702444	2.016536e-04	89.512327	108.912099	1.041208e-13	3.437469e-04	1.318903e-25
38.140972	1.000000	29.532682	2.005889e-04	88.676150	106.776572	1.775149e-13	5.956962e-04	2.275486e-25
37.373505	1.000000	28.405941	1.995440e-04	87.806507	104.682921	2.949583e-13	1.006032e-03	3.820337e-25
36.621082	1.000000	27.320776	1.985193e-04	86.883137	102.630313	4.770104e-13	1.653531e-03	6.241193e-25
35.883415	1.000000	26.275822	1.975161e-04	85.880130	100.617957	7.498053e-13	2.641416e-03	9.901167e-25
35.160213	1.000000	25.269774	1.965363e-04	84.760157	98.645062	1.153195e-12	4.128266e-03	1.537446e-24
34.451191	1.000000	24.301405	1.955830e-04	83.472591	96.710849	1.742774e-12	6.339441e-03	2.333373e-24
33.756069	1.000000	23.369578	1.946606e-04	81.971513	94.814557	2.563288e-12	9.473888e-03	3.465399e-24
33.074577	1.000000	22.473261	1.937751e-04	80.194109	92.955447	3.686888e-12	1.384472e-02	5.032756e-24
32.406448	1.000000	21.611539	1.929353e-04	77.958131	91.132791	5.361949e-12	2.045591e-02	7.175655e-24
31.751419	1.000000	20.783630	1.921523e-04	75.410751	89.345871	7.395116e-12	2.866043e-02	9.994920e-24
31.109234	1.000000	19.988918	1.914415e-04	72.397635	87.593990	1.005342e-11	3.957968e-02	1.372877e-23
30.479641	1.000000	19.226974	1.908222e-04	68.916894	85.876461	1.344370e-11	5.376261e-02	1.855138e-23
29.862394	1.000000	18.497589	1.903196e-04	64.884780	84.192612	1.792344e-11	7.280516e-02	2.468628e-23
29.257250	1.000000	17.800805	1.899656e-04	59.901838	82.541778	2.455128e-11	1.013001e-01	3.237769e-23
28.663971	1.000000	17.136959	1.897991e-04	55.074001	80.923313	3.189832e-11	1.336881e-01	4.166022e-23
28.082325	1.000000	16.506785	1.898705e-04	50.247919	79.336583	4.061621e-11	1.729140e-01	5.322880e-23
27.512083	1.000000	15.911371	1.902396e-04	45.496889	77.780963	5.112365e-11	2.211017e-01	6.722818e-23
26.953024	1.000000	15.352267	1.909780e-04	40.992876	76.255849	6.356860e-11	2.793231e-01	8.386055e-23
26.404926	1.000000	14.831596	1.921742e-04	36.831658	74.760639	7.823391e-11	3.493296e-01	1.035133e-22
25.867575	1.000000	14.352166	1.939337e-04	33.091560	73.294744	9.530869e-11	4.325789e-01	1.264625e-22
25.340759	1.000000	13.917353	1.963789e-04	29.943499	71.857591	1.136400e-10	5.244670e-01	1.514016e-22
24.824274	1.000000	13.531999	1.996696e-04	27.087474	70.448620	1.359396e-10	6.382559e-01	1.815627e-22
24.317917	0.999999	13.201219	2.039707e-04	24.665850	69.067277	1.611541e-10	7.702275e-01	2.158346e-22
23.821487	0.999999	12.931604	2.094831e-04	22.645060	67.713018	1.894394e-10	9.223812e-01	2.544020e-22
23.334791	0.999999	12.730902	2.164368e-04	20.960943	66.385310	2.218582e-10	1.101507e+00	2.974879e-22
22.857639	0.999998	12.608246	2.250966e-04	19.636724	65.083640	2.567974e-10	1.301514e+00	3.452794e-22
22.389843	0.999997	12.574231	2.357498e-04	18.621006	63.807492	2.946068e-10	1.526153e+00	3.971044e-22
21.931219	0.999996	12.641838	2.487494e-04	17.871997	62.556366	3.362262e-10	1.782791e+00	4.544075e-22
21.481588	0.999994	12.825817	2.644800e-04	17.382696	61.329773	3.812762e-10	2.072483e+00	5.166456e-22
21.040773	0.999991	13.142891	2.833561e-04	17.147535	60.127230	4.292543e-10	2.395793e+00	6.403102e-22
20.608603	0.999987	13.597447	3.054767e-04	17.159871	58.948268	4.777907e-10	2.741997e+00	7.201132e-22
20.184904	0.999982	14.222264	3.316078e-04	17.424234	57.792418	5.270642e-10	3.115142e+00	8.006112e-22
19.769514	0.999974	15.044479	3.623461e-04	17.926239	56.659234	5.811924e-10	3.542765e+00	8.899331e-22
19.362268	0.999965	16.091928	3.982703e-04	18.708262	55.548268	6.344411e-10	3.993713e+00	9.810569e-22
18.963009	0.999953	17.399541	4.400757e-04	19.755808	54.459088	6.961114e-10	4.529890e+00	1.082607e-21
18.571577	0.999937	19.001750	4.883873e-04	21.130357	53.391262	7.550693e-10	5.083179e+00	1.184629e-21
18.187820	0.999917	20.939578	5.439462e-04	22.846786	52.344374	8.141787e-10	5.672995e+00	1.289143e-21
17.811588	0.999892	23.258057	6.075345e-04	24.893413	51.318013	8.982665e-10	6.479951e+00	1.394153e-21
17.442734	0.999860	26.004657	6.799265e-04	27.392272	50.311778	9.591076e-10	7.161477e+00	1.497920e-21
17.081112	0.999821	29.236538	7.620173e-04	30.332160	49.325273	1.023820e-09	7.910279e+00	1.609571e-21
16.726582	0.999772	33.010199	8.546355e-04	33.757934	48.358115	1.085668e-09	8.674652e+00	1.721369e-21
16.379002	0.999713	37.389278	9.586874e-04	37.708872	47.409916	1.145736e-09	9.460882e+00	1.831692e-21
16.038237	0.999641	42.443606	1.075001e-03	42.229507	46.480309	1.489965e-09	1.269928e+01	1.940043e-21
15.704153	0.999556	48.246720	1.204518e-03	47.473652	45.568930	1.576520e-09	1.386489e+01	2.043721e-21
15.376621	0.999453	54.877047	1.348192e-03	53.399734	44.675423	1.650320e-09	1.496322e+01	2.145069e-21
15.055511	0.999333	62.416193	1.506870e-03	60.052507	43.799435	1.720229e-09	1.606606e+01	2.241972e-21
14.740698	0.999191	70.956983	1.681492e-03	67.478058	42.940624	1.785241e-09	1.716024e+01	2.333056e-21
14.432057	0.999026	80.591258	1.872852e-03	75.713810	42.098653	1.845128e-09	1.823929e+01	2.417964e-21
14.129468	0.998835	91.424736	2.081761e-03	84.798372	41.273189	1.898953e-09	1.928975e+01	2.495505e-21
13.832812	0.998615	103.563407	2.308962e-03	94.737694	40.463912	1.940393e-09	2.024104e+01	2.558273e-21
13.541973	0.998364	117.132774	2.555234e-03	105.604136	39.670503	1.982195e-09	2.121998e+01	2.620703e-21
13.256837	0.998079	132.250049	2.821114e-03	117.387061	38.892651	2.017180e-09	2.214869e+01	2.674553e-21
12.977291	0.997756	149.034930	3.107110e-03	130.079255	38.130050	2.045081e-09	2.301921e+01	2.719325e-21
12.703227	0.997393	167.603064	3.413835e-03	143.708359	37.382403	2.071336e-09	2.388916e+01	2.754922e-21
12.434537	0.996988	188.078988	3.741588e-03	158.134929	36.649417	2.085028e-09	2.462876e+01	2.781266e-21
12.171115	0.996536	210.575525	4.090702e-03	173.332301	35.930802	2.091508e-09	2.529300e+01	2.798114e-21
11.912858	0.996037	235.190635	4.461357e-03	189.200034	35.226277	2.090948e-09	2.587855e+01	2.805636e-21
11.659665	0.995486	262.043772	4.853923e-03	205.631608	34.535566	2.083713e-09	2.638468e+01	2.804200e-21
11.411437	0.994881	291.207820	5.268496e-03	222.463487	33.858400	2.069733e-09	2.680524e+01	3.430561e-21
11.168076	0.994221	322.290720	5.699829e-03	239.093578	33.194510	2.043588e-09	2.706215e+01	3.415836e-21
10.929486	0.993502	355.697238	6.151920e-03	255.784755	32.543639	2.015248e-09	2.728102e+01	3.392274e-21
10.695575	0.992723	390.523789	6.615936e-03	272.042562	31.905528	1.985846e-09	2.747494e+01	3.355801e-21
10.466250	0.991881	426.749157	7.091621e-03	287.383787	31.279931	1.949145e-09	2.755499e+01	3.311669e-21
10.241423	0.990976	464.354958	7.578733e-03	301.789645	30.666601	1.908209e-09	2.755925e+01	3.264363e-21
10.021003	0.990005	503.278035	8.076527e-03	-nan	30.065296	1.858333e-09	-nan	3.202041e-21
