49.633003	1.000000	48.692271	2.160404e-04	100.041703	138.126833	3.290494e-17	8.891642e-08	3.661658e-29
48.640202	1.000000	46.874594	2.147167e-04	99.019659	135.418470	8.212393e-17	2.257230e-07	9.265226e-29
47.666866	1.000000	45.121340	2.134178e-04	98.038713	132.763211	1.971680e-16	5.511935e-07	2.254467e-28
46.712616	1.000000	43.430437	2.121431e-04	97.094325	130.160016	4.549664e-16	1.293556e-06	5.270695e-28
45.777077	1.000000	41.799869	2.108917e-04	96.181929	127.607865	1.011926e-15	2.925967e-06	1.187322e-27
44.859879	1.000000	40.227663	2.096631e-04	95.296923	125.105749	2.175442e-15	6.396740e-06	2.584320e-27
43.960667	1.000000	38.711919	2.084567e-04	94.434759	122.652699	4.513002e-15	1.349407e-05	5.425835e-27
43.079086	1.000000	37.250771	2.072718e-04	93.591370	120.247747	9.082630e-15	2.761408e-05	1.104729e-26
42.214790	1.000000	35.842409	2.061081e-04	92.762458	117.889948	1.786820e-14	5.523489e-05	2.176331e-26
41.367443	1.000000	34.485084	2.049649e-04	91.943067	115.578385	3.384572e-14	1.063720e-04	4.168412e-26
40.536709	1.000000	33.177086	2.038419e-04	91.126873	113.312142	6.223571e-14	1.988513e-04	7.747128e-26
39.722263	1.000000	31.916766	2.027390e-04	90.305485	111.090334	1.113073e-13	3.615359e-04	1.399730e-25
38.923790	1.000000	30.702533	2.016560e-04	89.467206	108.912099	1.939246e-13	6.402845e-04	2.462645e-25
38.140972	1.000000	29.532844	2.005933e-04	88.595517	106.776572	3.290368e-13	1.104257e-03	4.226468e-25
37.373505	1.000000	28.406227	1.995518e-04	87.665715	104.682921	5.456238e-13	1.861133e-03	7.076761e-25
36.621082	1.000000	27.321273	1.985329e-04	86.643774	102.630313	8.825619e-13	3.059572e-03	1.155551e-24
35.883415	1.000000	26.276669	1.975393e-04	85.482409	100.617957	1.394722e-12	4.913682e-03	1.842813e-24
35.160213	1.000000	25.271188	1.965753e-04	84.119041	98.645062	2.155668e-12	7.717533e-03	2.874186e-24
34.451191	1.000000	24.303723	1.956471e-04	82.461924	96.710849	3.282676e-12	1.194188e-02	4.392859e-24
33.756069	1.000000	23.373311	1.947642e-04	80.435420	94.814557	4.871350e-12	1.800612e-02	6.578812e-24
33.074577	1.000000	22.479158	1.939394e-04	77.942438	92.955447	7.075616e-12	2.657283e-02	9.643305e-24
32.406448	1.000000	21.620696	1.931910e-04	74.696884	91.132791	1.040584e-11	3.970424e-02	1.389478e-23
31.751419	1.000000	20.797605	1.925438e-04	70.987712	89.345871	1.455373e-11	5.641569e-02	1.962512e-23
31.109234	1.000000	20.009880	1.920304e-04	66.673499	87.593990	2.001477e-11	7.881924e-02	2.726054e-23
30.479641	1.000000	19.257902	1.916937e-04	61.846073	85.876461	2.707149e-11	1.083050e-01	3.724688e-23
29.862394	1.000000	18.542492	1.915884e-04	56.535381	84.192612	3.648267e-11	1.482792e-01	5.008009e-23
29.257250	1.000000	17.864990	1.917838e-04	50.444634	82.541778	5.026339e-11	2.075584e-01	6.631038e-23
28.663971	1.000000	17.227393	1.923664e-04	44.987511	80.923313	6.603391e-11	2.770721e-01	8.635949e-23
28.082325	1.000000	16.632384	1.934419e-04	40.040475	79.336583	8.462893e-11	3.608740e-01	1.110976e-22
27.512083	1.000000	16.083576	1.951417e-04	35.580625	77.780963	1.071511e-10	4.644651e-01	1.411606e-22
26.953024	1.000000	15.585464	1.976181e-04	31.708062	76.255849	1.338639e-10	5.900540e-01	1.769325e-22
26.404926	1.000000	15.143733	2.010576e-04	28.417523	74.760639	1.653234e-10	7.413770e-01	2.191863e-22
25.867575	1.000000	14.765378	2.056767e-04	25.687599	73.294744	2.018266e-10	9.213551e-01	2.683643e-22
25.340759	1.000000	14.458544	2.117236e-04	23.504510	71.857591	2.425262e-10	1.127952e+00	3.235439e-22
24.824274	1.000000	14.233630	2.194987e-04	21.730110	70.448620	2.897908e-10	1.374400e+00	3.876333e-22
24.317917	0.999999	14.102235	2.293269e-04	20.358313	69.067277	3.426629e-10	1.659151e+00	4.595714e-22
23.821487	0.999999	14.078481	2.415884e-04	19.341327	67.713018	4.013851e-10	1.986753e+00	5.397171e-22
23.334791	0.999999	14.178281	2.567024e-04	18.631947	66.385310	4.677028e-10	2.370097e+00	6.279111e-22
22.857639	0.999998	14.420009	2.751397e-04	18.240094	65.083640	5.379492e-10	2.795341e+00	7.241133e-22
22.389843	0.999997	14.825100	2.974086e-04	18.137885	63.807492	6.130901e-10	3.272160e+00	8.273297e-22
21.931219	0.999996	15.418449	3.240931e-04	18.317741	62.556366	6.937666e-10	3.809418e+00	9.386146e-22
21.481588	0.999994	16.228741	3.558171e-04	18.789308	61.329773	7.790822e-10	4.408074e+00	1.056752e-21
21.040773	0.999991	17.287611	3.932227e-04	19.567652	60.127230	8.677956e-10	5.066629e+00	1.303048e-21
20.608603	0.999987	18.615594	4.366630e-04	20.659268	58.948268	9.577076e-10	5.775978e+00	1.452627e-21
20.184904	0.999982	20.263529	4.871326e-04	22.099932	57.792418	1.048111e-09	6.535763e+00	1.603926e-21
19.769514	0.999974	22.275987	5.454325e-04	23.914783	56.659234	1.141833e-09	7.366294e+00	1.762994e-21
19.362268	0.999965	24.701881	6.123882e-04	26.146505	55.548268	1.233855e-09	8.237561e+00	1.923690e-21
18.963009	0.999953	27.597062	6.889204e-04	28.827043	54.459088	1.333764e-09	9.215372e+00	2.092961e-21
18.571577	0.999937	31.017772	7.758527e-04	32.011931	53.391262	1.427014e-09	1.020081e+01	2.259796e-21
18.187820	0.999917	35.027841	8.740731e-04	35.742898	52.344374	1.517556e-09	1.121798e+01	2.425632e-21
17.811588	0.999892	39.694483	9.845437e-04	40.061086	51.318013	1.646359e-09	1.257806e+01	2.588073e-21
17.442734	0.999860	45.088678	1.108122e-03	45.037267	50.311778	1.732402e-09	1.366726e+01	2.744192e-21
17.081112	0.999821	51.289670	1.245738e-03	50.711254	49.325273	1.819278e-09	1.480884e+01	2.902060e-21
16.726582	0.999772	58.373663	1.398260e-03	57.124790	48.358115	1.897505e-09	1.592238e+01	3.053014e-21
16.379002	0.999713	66.427204	1.566619e-03	64.326170	47.409916	1.969920e-09	1.702543e+01	3.196385e-21
16.038237	0.999641	75.538309	1.751541e-03	72.906044	46.480309	2.564008e-09	2.279856e+01	3.330079e-21
15.704153	0.999556	85.810629	1.953858e-03	82.090004	45.568930	2.668939e-09	2.440322e+01	3.452813e-21
15.376621	0.999453	97.346112	2.174293e-03	92.239213	44.675423	2.747994e-09	2.581762e+01	3.564590e-21
15.055511	0.999333	110.252974	2.413496e-03	103.411954	43.799435	2.817344e-09	2.717881e+01	3.664497e-21
14.740698	0.999191	124.651512	2.672080e-03	115.647899	42.940624	2.875869e-09	2.846917e+01	3.750972e-21
14.432057	0.999026	140.653100	2.950485e-03	128.966792	42.098653	2.923639e-09	2.968201e+01	3.823985e-21
14.129468	0.998835	158.370179	3.249125e-03	143.371899	41.273189	2.960093e-09	3.080423e+01	3.882711e-21
13.832812	0.998615	177.915394	3.568398e-03	158.832075	40.463912	2.981856e-09	3.179219e+01	3.923211e-21
13.541973	0.998364	199.409117	3.908529e-03	175.357804	39.670503	2.996795e-09	3.272147e+01	3.954258e-21
13.256837	0.998079	222.946539	4.269708e-03	192.864850	38.892651	3.000755e-09	3.354131e+01	3.971059e-21
12.977291	0.997756	248.623345	4.651977e-03	211.266541	38.130050	2.994147e-09	3.424872e+01	3.973998e-21
12.703227	0.997393	276.515180	5.055598e-03	230.536541	37.382403	2.984844e-09	3.492836e+01	3.963542e-21
12.434537	0.996988	306.695564	5.480412e-03	250.353687	36.649417	2.958455e-09	3.540646e+01	3.940337e-21
12.171115	0.996536	339.213105	5.926387e-03	270.612222	35.930802	2.922880e-09	3.576662e+01	3.904746e-21
11.912858	0.996037	374.095245	6.393173e-03	291.095139	35.226277	2.878751e-09	3.600969e+01	3.857473e-21
11.659665	0.995486	411.407442	6.880782e-03	311.596848	34.535566	2.826880e-09	3.613941e+01	3.799511e-21
11.411437	0.994881	451.180255	7.388756e-03	331.871041	33.858400	2.767842e-09	3.615701e+01	4.659194e-21
11.168076	0.994221	493.069440	7.913069e-03	351.330388	33.194510	2.698327e-09	3.601187e+01	4.577090e-21
10.929486	0.993502	537.277874	8.455374e-03	370.067645	32.543639	2.626184e-09	3.580232e+01	4.485384e-21
10.695575	0.992723	582.560593	9.004983e-03	387.566252	31.905528	2.555115e-09	3.557658e+01	4.380444e-21
10.466250	0.991881	628.841574	9.561440e-03	403.193671	31.279931	2.476761e-09	3.521648e+01	4.267507e-21
10.241423	0.990976	676.019154	1.012425e-02	416.830535	30.666601	2.392712e-09	3.473838e+01	4.149596e-21
10.021003	0.990005	723.960587	1.069271e-02	-nan	30.065296	2.302512e-09	-nan	4.019732e-21
